# Created by Octave 6.2.0, Mon Oct 10 14:31:24 2022 GMT <unknown@ALB205-14>
# name: g
# type: scalar
9.8000000000000007


# name: t
# type: scalar
1


# name: theta
# type: scalar
45


# name: thetarad
# type: scalar
0.78539816339744828


# name: v0
# type: scalar
5


# name: x
# type: scalar
3.5355339059327378


# name: y
# type: scalar
-1.364466094067263


